148 100 147 100 146 100 145 100 144 100 143 100 142 100 141 100 140 100 139 100 138 100 137 100 136 100 135 100 134 100 133 100 132 100 131 100 130 100 129 100 128 100 127 100 126 100 125 100 124 100 123 100 122 100 121 100 120 100 119 100 118 100 117 100 116 100 115 100 114 100 113 100 112 100 111 100 110 100 109 100 108 100 107 100 106 100 105 100 104 100 103 100 102 100 101 100 100 100 100 100 
147 98 145 98 144 98 143 98 142 98 141 98 140 98 139 98 138 98 137 98 136 98 135 98 134 98 133 98 132 98 131 98 130 98 129 98 128 98 127 98 126 98 125 98 124 98 123 98 122 98 121 98 120 98 119 98 118 98 117 98 116 98 115 98 114 98 113 98 112 98 111 98 110 98 109 98 108 98 107 98 106 98 105 98 104 98 103 98 102 98 101 98 100 98 99 98 98 98 98 98 
146 96 144 96 142 96 141 96 140 96 139 96 138 96 137 96 136 96 135 96 134 96 133 96 132 96 131 96 130 96 129 96 128 96 127 96 126 96 125 96 124 96 123 96 122 96 121 96 120 96 119 96 118 96 117 96 116 96 115 96 114 96 113 96 112 96 111 96 110 96 109 96 108 96 107 96 106 96 105 96 104 96 103 96 102 96 101 96 100 96 99 96 98 96 97 96 96 96 96 96 
145 94 143 94 141 94 139 94 138 94 137 94 136 94 135 94 134 94 133 94 132 94 131 94 130 94 129 94 128 94 127 94 126 94 125 94 124 94 123 94 122 94 121 94 120 94 119 94 118 94 117 94 116 94 115 94 114 94 113 94 112 94 111 94 110 94 109 94 108 94 107 94 106 94 105 94 104 94 103 94 102 94 101 94 100 94 99 94 98 94 97 94 96 94 95 94 94 94 94 94 
144 92 142 92 140 92 138 92 136 92 135 92 134 92 133 92 132 92 131 92 130 92 129 92 128 92 127 92 126 92 125 92 124 92 123 92 122 92 121 92 120 92 119 92 118 92 117 92 116 92 115 92 114 92 113 92 112 92 111 92 110 92 109 92 108 92 107 92 106 92 105 92 104 92 103 92 102 92 101 92 100 92 99 92 98 92 97 92 96 92 95 92 94 92 93 92 92 92 92 92 
143 90 141 90 139 90 137 90 135 90 133 90 132 90 131 90 130 90 129 90 128 90 127 90 126 90 125 90 124 90 123 90 122 90 121 90 120 90 119 90 118 90 117 90 116 90 115 90 114 90 113 90 112 90 111 90 110 90 109 90 108 90 107 90 106 90 105 90 104 90 103 90 102 90 101 90 100 90 99 90 98 90 97 90 96 90 95 90 94 90 93 90 92 90 91 90 90 90 90 90 
142 88 140 88 138 88 136 88 134 88 132 88 130 88 129 88 128 88 127 88 126 88 125 88 124 88 123 88 122 88 121 88 120 88 119 88 118 88 117 88 116 88 115 88 114 88 113 88 112 88 111 88 110 88 109 88 108 88 107 88 106 88 105 88 104 88 103 88 102 88 101 88 100 88 99 88 98 88 97 88 96 88 95 88 94 88 93 88 92 88 91 88 90 88 89 88 88 88 88 88 
141 86 139 86 137 86 135 86 133 86 131 86 129 86 127 86 126 86 125 86 124 86 123 86 122 86 121 86 120 86 119 86 118 86 117 86 116 86 115 86 114 86 113 86 112 86 111 86 110 86 109 86 108 86 107 86 106 86 105 86 104 86 103 86 102 86 101 86 100 86 99 86 98 86 97 86 96 86 95 86 94 86 93 86 92 86 91 86 90 86 89 86 88 86 87 86 86 86 86 86 
140 84 138 84 136 84 134 84 132 84 130 84 128 84 126 84 124 84 123 84 122 84 121 84 120 84 119 84 118 84 117 84 116 84 115 84 114 84 113 84 112 84 111 84 110 84 109 84 108 84 107 84 106 84 105 84 104 84 103 84 102 84 101 84 100 84 99 84 98 84 97 84 96 84 95 84 94 84 93 84 92 84 91 84 90 84 89 84 88 84 87 84 86 84 85 84 84 84 84 84 
139 82 137 82 135 82 133 82 131 82 129 82 127 82 125 82 123 82 121 82 120 82 119 82 118 82 117 82 116 82 115 82 114 82 113 82 112 82 111 82 110 82 109 82 108 82 107 82 106 82 105 82 104 82 103 82 102 82 101 82 100 82 99 82 98 82 97 82 96 82 95 82 94 82 93 82 92 82 91 82 90 82 89 82 88 82 87 82 86 82 85 82 84 82 83 82 82 82 82 82 
138 80 136 80 134 80 132 80 130 80 128 80 126 80 124 80 122 80 120 80 118 80 117 80 116 80 115 80 114 80 113 80 112 80 111 80 110 80 109 80 108 80 107 80 106 80 105 80 104 80 103 80 102 80 101 80 100 80 99 80 98 80 97 80 96 80 95 80 94 80 93 80 92 80 91 80 90 80 89 80 88 80 87 80 86 80 85 80 84 80 83 80 82 80 81 80 80 80 80 80 
137 78 135 78 133 78 131 78 129 78 127 78 125 78 123 78 121 78 119 78 117 78 115 78 114 78 113 78 112 78 111 78 110 78 109 78 108 78 107 78 106 78 105 78 104 78 103 78 102 78 101 78 100 78 99 78 98 78 97 78 96 78 95 78 94 78 93 78 92 78 91 78 90 78 89 78 88 78 87 78 86 78 85 78 84 78 83 78 82 78 81 78 80 78 79 78 78 78 78 78 
136 76 134 76 132 76 130 76 128 76 126 76 124 76 122 76 120 76 118 76 116 76 114 76 112 76 111 76 110 76 109 76 108 76 107 76 106 76 105 76 104 76 103 76 102 76 101 76 100 76 99 76 98 76 97 76 96 76 95 76 94 76 93 76 92 76 91 76 90 76 89 76 88 76 87 76 86 76 85 76 84 76 83 76 82 76 81 76 80 76 79 76 78 76 77 76 76 76 76 76 
135 74 133 74 131 74 129 74 127 74 125 74 123 74 121 74 119 74 117 74 115 74 113 74 111 74 109 74 108 74 107 74 106 74 105 74 104 74 103 74 102 74 101 74 100 74 99 74 98 74 97 74 96 74 95 74 94 74 93 74 92 74 91 74 90 74 89 74 88 74 87 74 86 74 85 74 84 74 83 74 82 74 81 74 80 74 79 74 78 74 77 74 76 74 75 74 74 74 74 74 
134 72 132 72 130 72 128 72 126 72 124 72 122 72 120 72 118 72 116 72 114 72 112 72 110 72 108 72 106 72 105 72 104 72 103 72 102 72 101 72 100 72 99 72 98 72 97 72 96 72 95 72 94 72 93 72 92 72 91 72 90 72 89 72 88 72 87 72 86 72 85 72 84 72 83 72 82 72 81 72 80 72 79 72 78 72 77 72 76 72 75 72 74 72 73 72 72 72 72 72 
133 70 131 70 129 70 127 70 125 70 123 70 121 70 119 70 117 70 115 70 113 70 111 70 109 70 107 70 105 70 103 70 102 70 101 70 100 70 99 70 98 70 97 70 96 70 95 70 94 70 93 70 92 70 91 70 90 70 89 70 88 70 87 70 86 70 85 70 84 70 83 70 82 70 81 70 80 70 79 70 78 70 77 70 76 70 75 70 74 70 73 70 72 70 71 70 70 70 70 70 
132 68 130 68 128 68 126 68 124 68 122 68 120 68 118 68 116 68 114 68 112 68 110 68 108 68 106 68 104 68 102 68 100 68 99 68 98 68 97 68 96 68 95 68 94 68 93 68 92 68 91 68 90 68 89 68 88 68 87 68 86 68 85 68 84 68 83 68 82 68 81 68 80 68 79 68 78 68 77 68 76 68 75 68 74 68 73 68 72 68 71 68 70 68 69 68 68 68 68 68 
131 66 129 66 127 66 125 66 123 66 121 66 119 66 117 66 115 66 113 66 111 66 109 66 107 66 105 66 103 66 101 66 99 66 97 66 96 66 95 66 94 66 93 66 92 66 91 66 90 66 89 66 88 66 87 66 86 66 85 66 84 66 83 66 82 66 81 66 80 66 79 66 78 66 77 66 76 66 75 66 74 66 73 66 72 66 71 66 70 66 69 66 68 66 67 66 66 66 66 66 
130 64 128 64 126 64 124 64 122 64 120 64 118 64 116 64 114 64 112 64 110 64 108 64 106 64 104 64 102 64 100 64 98 64 96 64 94 64 93 64 92 64 91 64 90 64 89 64 88 64 87 64 86 64 85 64 84 64 83 64 82 64 81 64 80 64 79 64 78 64 77 64 76 64 75 64 74 64 73 64 72 64 71 64 70 64 69 64 68 64 67 64 66 64 65 64 64 64 64 64 
129 62 127 62 125 62 123 62 121 62 119 62 117 62 115 62 113 62 111 62 109 62 107 62 105 62 103 62 101 62 99 62 97 62 95 62 93 62 91 62 90 62 89 62 88 62 87 62 86 62 85 62 84 62 83 62 82 62 81 62 80 62 79 62 78 62 77 62 76 62 75 62 74 62 73 62 72 62 71 62 70 62 69 62 68 62 67 62 66 62 65 62 64 62 63 62 62 62 62 62 
128 60 126 60 124 60 122 60 120 60 118 60 116 60 114 60 112 60 110 60 108 60 106 60 104 60 102 60 100 60 98 60 96 60 94 60 92 60 90 60 88 60 87 60 86 60 85 60 84 60 83 60 82 60 81 60 80 60 79 60 78 60 77 60 76 60 75 60 74 60 73 60 72 60 71 60 70 60 69 60 68 60 67 60 66 60 65 60 64 60 63 60 62 60 61 60 60 60 60 60 
127 58 125 58 123 58 121 58 119 58 117 58 115 58 113 58 111 58 109 58 107 58 105 58 103 58 101 58 99 58 97 58 95 58 93 58 91 58 89 58 87 58 85 58 84 58 83 58 82 58 81 58 80 58 79 58 78 58 77 58 76 58 75 58 74 58 73 58 72 58 71 58 70 58 69 58 68 58 67 58 66 58 65 58 64 58 63 58 62 58 61 58 60 58 59 58 58 58 58 58 
126 56 124 56 122 56 120 56 118 56 116 56 114 56 112 56 110 56 108 56 106 56 104 56 102 56 100 56 98 56 96 56 94 56 92 56 90 56 88 56 86 56 84 56 82 56 81 56 80 56 79 56 78 56 77 56 76 56 75 56 74 56 73 56 72 56 71 56 70 56 69 56 68 56 67 56 66 56 65 56 64 56 63 56 62 56 61 56 60 56 59 56 58 56 57 56 56 56 56 56 
125 54 123 54 121 54 119 54 117 54 115 54 113 54 111 54 109 54 107 54 105 54 103 54 101 54 99 54 97 54 95 54 93 54 91 54 89 54 87 54 85 54 83 54 81 54 79 54 78 54 77 54 76 54 75 54 74 54 73 54 72 54 71 54 70 54 69 54 68 54 67 54 66 54 65 54 64 54 63 54 62 54 61 54 60 54 59 54 58 54 57 54 56 54 55 54 54 54 54 54 
124 52 122 52 120 52 118 52 116 52 114 52 112 52 110 52 108 52 106 52 104 52 102 52 100 52 98 52 96 52 94 52 92 52 90 52 88 52 86 52 84 52 82 52 80 52 78 52 76 52 75 52 74 52 73 52 72 52 71 52 70 52 69 52 68 52 67 52 66 52 65 52 64 52 63 52 62 52 61 52 60 52 59 52 58 52 57 52 56 52 55 52 54 52 53 52 52 52 52 52 
123 50 121 50 119 50 117 50 115 50 113 50 111 50 109 50 107 50 105 50 103 50 101 50 99 50 97 50 95 50 93 50 91 50 89 50 87 50 85 50 83 50 81 50 79 50 77 50 75 50 73 50 72 50 71 50 70 50 69 50 68 50 67 50 66 50 65 50 64 50 63 50 62 50 61 50 60 50 59 50 58 50 57 50 56 50 55 50 54 50 53 50 52 50 51 50 50 50 50 50 
122 48 120 48 118 48 116 48 114 48 112 48 110 48 108 48 106 48 104 48 102 48 100 48 98 48 96 48 94 48 92 48 90 48 88 48 86 48 84 48 82 48 80 48 78 48 76 48 74 48 72 48 70 48 69 48 68 48 67 48 66 48 65 48 64 48 63 48 62 48 61 48 60 48 59 48 58 48 57 48 56 48 55 48 54 48 53 48 52 48 51 48 50 48 49 48 48 48 48 48 
121 46 119 46 117 46 115 46 113 46 111 46 109 46 107 46 105 46 103 46 101 46 99 46 97 46 95 46 93 46 91 46 89 46 87 46 85 46 83 46 81 46 79 46 77 46 75 46 73 46 71 46 69 46 67 46 66 46 65 46 64 46 63 46 62 46 61 46 60 46 59 46 58 46 57 46 56 46 55 46 54 46 53 46 52 46 51 46 50 46 49 46 48 46 47 46 46 46 46 46 
120 44 118 44 116 44 114 44 112 44 110 44 108 44 106 44 104 44 102 44 100 44 98 44 96 44 94 44 92 44 90 44 88 44 86 44 84 44 82 44 80 44 78 44 76 44 74 44 72 44 70 44 68 44 66 44 64 44 63 44 62 44 61 44 60 44 59 44 58 44 57 44 56 44 55 44 54 44 53 44 52 44 51 44 50 44 49 44 48 44 47 44 46 44 45 44 44 44 44 44 
119 42 117 42 115 42 113 42 111 42 109 42 107 42 105 42 103 42 101 42 99 42 97 42 95 42 93 42 91 42 89 42 87 42 85 42 83 42 81 42 79 42 77 42 75 42 73 42 71 42 69 42 67 42 65 42 63 42 61 42 60 42 59 42 58 42 57 42 56 42 55 42 54 42 53 42 52 42 51 42 50 42 49 42 48 42 47 42 46 42 45 42 44 42 43 42 42 42 42 42 
118 40 116 40 114 40 112 40 110 40 108 40 106 40 104 40 102 40 100 40 98 40 96 40 94 40 92 40 90 40 88 40 86 40 84 40 82 40 80 40 78 40 76 40 74 40 72 40 70 40 68 40 66 40 64 40 62 40 60 40 58 40 57 40 56 40 55 40 54 40 53 40 52 40 51 40 50 40 49 40 48 40 47 40 46 40 45 40 44 40 43 40 42 40 41 40 40 40 40 40 
117 38 115 38 113 38 111 38 109 38 107 38 105 38 103 38 101 38 99 38 97 38 95 38 93 38 91 38 89 38 87 38 85 38 83 38 81 38 79 38 77 38 75 38 73 38 71 38 69 38 67 38 65 38 63 38 61 38 59 38 57 38 55 38 54 38 53 38 52 38 51 38 50 38 49 38 48 38 47 38 46 38 45 38 44 38 43 38 42 38 41 38 40 38 39 38 38 38 38 38 
116 36 114 36 112 36 110 36 108 36 106 36 104 36 102 36 100 36 98 36 96 36 94 36 92 36 90 36 88 36 86 36 84 36 82 36 80 36 78 36 76 36 74 36 72 36 70 36 68 36 66 36 64 36 62 36 60 36 58 36 56 36 54 36 52 36 51 36 50 36 49 36 48 36 47 36 46 36 45 36 44 36 43 36 42 36 41 36 40 36 39 36 38 36 37 36 36 36 36 36 
115 34 113 34 111 34 109 34 107 34 105 34 103 34 101 34 99 34 97 34 95 34 93 34 91 34 89 34 87 34 85 34 83 34 81 34 79 34 77 34 75 34 73 34 71 34 69 34 67 34 65 34 63 34 61 34 59 34 57 34 55 34 53 34 51 34 49 34 48 34 47 34 46 34 45 34 44 34 43 34 42 34 41 34 40 34 39 34 38 34 37 34 36 34 35 34 34 34 34 34 
114 32 112 32 110 32 108 32 106 32 104 32 102 32 100 32 98 32 96 32 94 32 92 32 90 32 88 32 86 32 84 32 82 32 80 32 78 32 76 32 74 32 72 32 70 32 68 32 66 32 64 32 62 32 60 32 58 32 56 32 54 32 52 32 50 32 48 32 46 32 45 32 44 32 43 32 42 32 41 32 40 32 39 32 38 32 37 32 36 32 35 32 34 32 33 32 32 32 32 32 
113 30 111 30 109 30 107 30 105 30 103 30 101 30 99 30 97 30 95 30 93 30 91 30 89 30 87 30 85 30 83 30 81 30 79 30 77 30 75 30 73 30 71 30 69 30 67 30 65 30 63 30 61 30 59 30 57 30 55 30 53 30 51 30 49 30 47 30 45 30 43 30 42 30 41 30 40 30 39 30 38 30 37 30 36 30 35 30 34 30 33 30 32 30 31 30 30 30 30 30 
112 28 110 28 108 28 106 28 104 28 102 28 100 28 98 28 96 28 94 28 92 28 90 28 88 28 86 28 84 28 82 28 80 28 78 28 76 28 74 28 72 28 70 28 68 28 66 28 64 28 62 28 60 28 58 28 56 28 54 28 52 28 50 28 48 28 46 28 44 28 42 28 40 28 39 28 38 28 37 28 36 28 35 28 34 28 33 28 32 28 31 28 30 28 29 28 28 28 28 28 
111 26 109 26 107 26 105 26 103 26 101 26 99 26 97 26 95 26 93 26 91 26 89 26 87 26 85 26 83 26 81 26 79 26 77 26 75 26 73 26 71 26 69 26 67 26 65 26 63 26 61 26 59 26 57 26 55 26 53 26 51 26 49 26 47 26 45 26 43 26 41 26 39 26 37 26 36 26 35 26 34 26 33 26 32 26 31 26 30 26 29 26 28 26 27 26 26 26 26 26 
110 24 108 24 106 24 104 24 102 24 100 24 98 24 96 24 94 24 92 24 90 24 88 24 86 24 84 24 82 24 80 24 78 24 76 24 74 24 72 24 70 24 68 24 66 24 64 24 62 24 60 24 58 24 56 24 54 24 52 24 50 24 48 24 46 24 44 24 42 24 40 24 38 24 36 24 34 24 33 24 32 24 31 24 30 24 29 24 28 24 27 24 26 24 25 24 24 24 24 24 
109 22 107 22 105 22 103 22 101 22 99 22 97 22 95 22 93 22 91 22 89 22 87 22 85 22 83 22 81 22 79 22 77 22 75 22 73 22 71 22 69 22 67 22 65 22 63 22 61 22 59 22 57 22 55 22 53 22 51 22 49 22 47 22 45 22 43 22 41 22 39 22 37 22 35 22 33 22 31 22 30 22 29 22 28 22 27 22 26 22 25 22 24 22 23 22 22 22 22 22 
108 20 106 20 104 20 102 20 100 20 98 20 96 20 94 20 92 20 90 20 88 20 86 20 84 20 82 20 80 20 78 20 76 20 74 20 72 20 70 20 68 20 66 20 64 20 62 20 60 20 58 20 56 20 54 20 52 20 50 20 48 20 46 20 44 20 42 20 40 20 38 20 36 20 34 20 32 20 30 20 28 20 27 20 26 20 25 20 24 20 23 20 22 20 21 20 20 20 20 20 
107 18 105 18 103 18 101 18 99 18 97 18 95 18 93 18 91 18 89 18 87 18 85 18 83 18 81 18 79 18 77 18 75 18 73 18 71 18 69 18 67 18 65 18 63 18 61 18 59 18 57 18 55 18 53 18 51 18 49 18 47 18 45 18 43 18 41 18 39 18 37 18 35 18 33 18 31 18 29 18 27 18 25 18 24 18 23 18 22 18 21 18 20 18 19 18 18 18 18 18 
106 16 104 16 102 16 100 16 98 16 96 16 94 16 92 16 90 16 88 16 86 16 84 16 82 16 80 16 78 16 76 16 74 16 72 16 70 16 68 16 66 16 64 16 62 16 60 16 58 16 56 16 54 16 52 16 50 16 48 16 46 16 44 16 42 16 40 16 38 16 36 16 34 16 32 16 30 16 28 16 26 16 24 16 22 16 21 16 20 16 19 16 18 16 17 16 16 16 16 16 
105 14 103 14 101 14 99 14 97 14 95 14 93 14 91 14 89 14 87 14 85 14 83 14 81 14 79 14 77 14 75 14 73 14 71 14 69 14 67 14 65 14 63 14 61 14 59 14 57 14 55 14 53 14 51 14 49 14 47 14 45 14 43 14 41 14 39 14 37 14 35 14 33 14 31 14 29 14 27 14 25 14 23 14 21 14 19 14 18 14 17 14 16 14 15 14 14 14 14 14 
104 12 102 12 100 12 98 12 96 12 94 12 92 12 90 12 88 12 86 12 84 12 82 12 80 12 78 12 76 12 74 12 72 12 70 12 68 12 66 12 64 12 62 12 60 12 58 12 56 12 54 12 52 12 50 12 48 12 46 12 44 12 42 12 40 12 38 12 36 12 34 12 32 12 30 12 28 12 26 12 24 12 22 12 20 12 18 12 16 12 15 12 14 12 13 12 12 12 12 12 
103 10 101 10 99 10 97 10 95 10 93 10 91 10 89 10 87 10 85 10 83 10 81 10 79 10 77 10 75 10 73 10 71 10 69 10 67 10 65 10 63 10 61 10 59 10 57 10 55 10 53 10 51 10 49 10 47 10 45 10 43 10 41 10 39 10 37 10 35 10 33 10 31 10 29 10 27 10 25 10 23 10 21 10 19 10 17 10 15 10 13 10 12 10 11 10 10 10 10 10 
102 8 100 8 98 8 96 8 94 8 92 8 90 8 88 8 86 8 84 8 82 8 80 8 78 8 76 8 74 8 72 8 70 8 68 8 66 8 64 8 62 8 60 8 58 8 56 8 54 8 52 8 50 8 48 8 46 8 44 8 42 8 40 8 38 8 36 8 34 8 32 8 30 8 28 8 26 8 24 8 22 8 20 8 18 8 16 8 14 8 12 8 10 8 9 8 8 8 8 8 
101 6 99 6 97 6 95 6 93 6 91 6 89 6 87 6 85 6 83 6 81 6 79 6 77 6 75 6 73 6 71 6 69 6 67 6 65 6 63 6 61 6 59 6 57 6 55 6 53 6 51 6 49 6 47 6 45 6 43 6 41 6 39 6 37 6 35 6 33 6 31 6 29 6 27 6 25 6 23 6 21 6 19 6 17 6 15 6 13 6 11 6 9 6 7 6 6 6 6 6 
100 4 98 4 96 4 94 4 92 4 90 4 88 4 86 4 84 4 82 4 80 4 78 4 76 4 74 4 72 4 70 4 68 4 66 4 64 4 62 4 60 4 58 4 56 4 54 4 52 4 50 4 48 4 46 4 44 4 42 4 40 4 38 4 36 4 34 4 32 4 30 4 28 4 26 4 24 4 22 4 20 4 18 4 16 4 14 4 12 4 10 4 8 4 6 4 4 4 4 4 
99 2 97 2 95 2 93 2 91 2 89 2 87 2 85 2 83 2 81 2 79 2 77 2 75 2 73 2 71 2 69 2 67 2 65 2 63 2 61 2 59 2 57 2 55 2 53 2 51 2 49 2 47 2 45 2 43 2 41 2 39 2 37 2 35 2 33 2 31 2 29 2 27 2 25 2 23 2 21 2 19 2 17 2 15 2 13 2 11 2 9 2 7 2 5 2 3 2 2 2 
99 1 97 1 95 1 93 1 91 1 89 1 87 1 85 1 83 1 81 1 79 1 77 1 75 1 73 1 71 1 69 1 67 1 65 1 63 1 61 1 59 1 57 1 55 1 53 1 51 1 49 1 47 1 45 1 43 1 41 1 39 1 37 1 35 1 33 1 31 1 29 1 27 1 25 1 23 1 21 1 19 1 17 1 15 1 13 1 11 1 9 1 7 1 5 1 3 1 1 1 
99 1 97 1 95 1 93 1 91 1 89 1 87 1 85 1 83 1 81 1 79 1 77 1 75 1 73 1 71 1 69 1 67 1 65 1 63 1 61 1 59 1 57 1 55 1 53 1 51 1 49 1 47 1 45 1 43 1 41 1 39 1 37 1 35 1 33 1 31 1 29 1 27 1 25 1 23 1 21 1 19 1 17 1 15 1 13 1 11 1 9 1 7 1 5 1 3 1 1 1 
99 1 97 1 95 1 93 1 91 1 89 1 87 1 85 1 83 1 81 1 79 1 77 1 75 1 73 1 71 1 69 1 67 1 65 1 63 1 61 1 59 1 57 1 55 1 53 1 51 1 49 1 47 1 45 1 43 1 41 1 39 1 37 1 35 1 33 1 31 1 29 1 27 1 25 1 23 1 21 1 19 1 17 1 15 1 13 1 11 1 9 1 7 1 5 1 3 1 1 1 
99 1 97 1 95 1 93 1 91 1 89 1 87 1 85 1 83 1 81 1 79 1 77 1 75 1 73 1 71 1 69 1 67 1 65 1 63 1 61 1 59 1 57 1 55 1 53 1 51 1 49 1 47 1 45 1 43 1 41 1 39 1 37 1 35 1 33 1 31 1 29 1 27 1 25 1 23 1 21 1 19 1 17 1 15 1 13 1 11 1 9 1 7 1 5 1 3 1 1 1 
99 1 97 1 95 1 93 1 91 1 89 1 87 1 85 1 83 1 81 1 79 1 77 1 75 1 73 1 71 1 69 1 67 1 65 1 63 1 61 1 59 1 57 1 55 1 53 1 51 1 49 1 47 1 45 1 43 1 41 1 39 1 37 1 35 1 33 1 31 1 29 1 27 1 25 1 23 1 21 1 19 1 17 1 15 1 13 1 11 1 9 1 7 1 5 1 3 1 1 1 
99 1 97 1 95 1 93 1 91 1 89 1 87 1 85 1 83 1 81 1 79 1 77 1 75 1 73 1 71 1 69 1 67 1 65 1 63 1 61 1 59 1 57 1 55 1 53 1 51 1 49 1 47 1 45 1 43 1 41 1 39 1 37 1 35 1 33 1 31 1 29 1 27 1 25 1 23 1 21 1 19 1 17 1 15 1 13 1 11 1 9 1 7 1 5 1 3 1 1 1 
99 1 97 1 95 1 93 1 91 1 89 1 87 1 85 1 83 1 81 1 79 1 77 1 75 1 73 1 71 1 69 1 67 1 65 1 63 1 61 1 59 1 57 1 55 1 53 1 51 1 49 1 47 1 45 1 43 1 41 1 39 1 37 1 35 1 33 1 31 1 29 1 27 1 25 1 23 1 21 1 19 1 17 1 15 1 13 1 11 1 9 1 7 1 5 1 3 1 1 1 
99 1 97 1 95 1 93 1 91 1 89 1 87 1 85 1 83 1 81 1 79 1 77 1 75 1 73 1 71 1 69 1 67 1 65 1 63 1 61 1 59 1 57 1 55 1 53 1 51 1 49 1 47 1 45 1 43 1 41 1 39 1 37 1 35 1 33 1 31 1 29 1 27 1 25 1 23 1 21 1 19 1 17 1 15 1 13 1 11 1 9 1 7 1 5 1 3 1 1 1 
99 1 97 1 95 1 93 1 91 1 89 1 87 1 85 1 83 1 81 1 79 1 77 1 75 1 73 1 71 1 69 1 67 1 65 1 63 1 61 1 59 1 57 1 55 1 53 1 51 1 49 1 47 1 45 1 43 1 41 1 39 1 37 1 35 1 33 1 31 1 29 1 27 1 25 1 23 1 21 1 19 1 17 1 15 1 13 1 11 1 9 1 7 1 5 1 3 1 1 1 
99 1 97 1 95 1 93 1 91 1 89 1 87 1 85 1 83 1 81 1 79 1 77 1 75 1 73 1 71 1 69 1 67 1 65 1 63 1 61 1 59 1 57 1 55 1 53 1 51 1 49 1 47 1 45 1 43 1 41 1 39 1 37 1 35 1 33 1 31 1 29 1 27 1 25 1 23 1 21 1 19 1 17 1 15 1 13 1 11 1 9 1 7 1 5 1 3 1 1 1 
99 1 97 1 95 1 93 1 91 1 89 1 87 1 85 1 83 1 81 1 79 1 77 1 75 1 73 1 71 1 69 1 67 1 65 1 63 1 61 1 59 1 57 1 55 1 53 1 51 1 49 1 47 1 45 1 43 1 41 1 39 1 37 1 35 1 33 1 31 1 29 1 27 1 25 1 23 1 21 1 19 1 17 1 15 1 13 1 11 1 9 1 7 1 5 1 3 1 1 1 
99 1 97 1 95 1 93 1 91 1 89 1 87 1 85 1 83 1 81 1 79 1 77 1 75 1 73 1 71 1 69 1 67 1 65 1 63 1 61 1 59 1 57 1 55 1 53 1 51 1 49 1 47 1 45 1 43 1 41 1 39 1 37 1 35 1 33 1 31 1 29 1 27 1 25 1 23 1 21 1 19 1 17 1 15 1 13 1 11 1 9 1 7 1 5 1 3 1 1 1 
99 1 97 1 95 1 93 1 91 1 89 1 87 1 85 1 83 1 81 1 79 1 77 1 75 1 73 1 71 1 69 1 67 1 65 1 63 1 61 1 59 1 57 1 55 1 53 1 51 1 49 1 47 1 45 1 43 1 41 1 39 1 37 1 35 1 33 1 31 1 29 1 27 1 25 1 23 1 21 1 19 1 17 1 15 1 13 1 11 1 9 1 7 1 5 1 3 1 1 1 
99 1 97 1 95 1 93 1 91 1 89 1 87 1 85 1 83 1 81 1 79 1 77 1 75 1 73 1 71 1 69 1 67 1 65 1 63 1 61 1 59 1 57 1 55 1 53 1 51 1 49 1 47 1 45 1 43 1 41 1 39 1 37 1 35 1 33 1 31 1 29 1 27 1 25 1 23 1 21 1 19 1 17 1 15 1 13 1 11 1 9 1 7 1 5 1 3 1 1 1 
99 1 97 1 95 1 93 1 91 1 89 1 87 1 85 1 83 1 81 1 79 1 77 1 75 1 73 1 71 1 69 1 67 1 65 1 63 1 61 1 59 1 57 1 55 1 53 1 51 1 49 1 47 1 45 1 43 1 41 1 39 1 37 1 35 1 33 1 31 1 29 1 27 1 25 1 23 1 21 1 19 1 17 1 15 1 13 1 11 1 9 1 7 1 5 1 3 1 1 1 
99 1 97 1 95 1 93 1 91 1 89 1 87 1 85 1 83 1 81 1 79 1 77 1 75 1 73 1 71 1 69 1 67 1 65 1 63 1 61 1 59 1 57 1 55 1 53 1 51 1 49 1 47 1 45 1 43 1 41 1 39 1 37 1 35 1 33 1 31 1 29 1 27 1 25 1 23 1 21 1 19 1 17 1 15 1 13 1 11 1 9 1 7 1 5 1 3 1 1 1 
99 1 97 1 95 1 93 1 91 1 89 1 87 1 85 1 83 1 81 1 79 1 77 1 75 1 73 1 71 1 69 1 67 1 65 1 63 1 61 1 59 1 57 1 55 1 53 1 51 1 49 1 47 1 45 1 43 1 41 1 39 1 37 1 35 1 33 1 31 1 29 1 27 1 25 1 23 1 21 1 19 1 17 1 15 1 13 1 11 1 9 1 7 1 5 1 3 1 1 1 
99 1 97 1 95 1 93 1 91 1 89 1 87 1 85 1 83 1 81 1 79 1 77 1 75 1 73 1 71 1 69 1 67 1 65 1 63 1 61 1 59 1 57 1 55 1 53 1 51 1 49 1 47 1 45 1 43 1 41 1 39 1 37 1 35 1 33 1 31 1 29 1 27 1 25 1 23 1 21 1 19 1 17 1 15 1 13 1 11 1 9 1 7 1 5 1 3 1 1 1 
99 1 97 1 95 1 93 1 91 1 89 1 87 1 85 1 83 1 81 1 79 1 77 1 75 1 73 1 71 1 69 1 67 1 65 1 63 1 61 1 59 1 57 1 55 1 53 1 51 1 49 1 47 1 45 1 43 1 41 1 39 1 37 1 35 1 33 1 31 1 29 1 27 1 25 1 23 1 21 1 19 1 17 1 15 1 13 1 11 1 9 1 7 1 5 1 3 1 1 1 
99 1 97 1 95 1 93 1 91 1 89 1 87 1 85 1 83 1 81 1 79 1 77 1 75 1 73 1 71 1 69 1 67 1 65 1 63 1 61 1 59 1 57 1 55 1 53 1 51 1 49 1 47 1 45 1 43 1 41 1 39 1 37 1 35 1 33 1 31 1 29 1 27 1 25 1 23 1 21 1 19 1 17 1 15 1 13 1 11 1 9 1 7 1 5 1 3 1 1 1 
99 1 97 1 95 1 93 1 91 1 89 1 87 1 85 1 83 1 81 1 79 1 77 1 75 1 73 1 71 1 69 1 67 1 65 1 63 1 61 1 59 1 57 1 55 1 53 1 51 1 49 1 47 1 45 1 43 1 41 1 39 1 37 1 35 1 33 1 31 1 29 1 27 1 25 1 23 1 21 1 19 1 17 1 15 1 13 1 11 1 9 1 7 1 5 1 3 1 1 1 
99 1 97 1 95 1 93 1 91 1 89 1 87 1 85 1 83 1 81 1 79 1 77 1 75 1 73 1 71 1 69 1 67 1 65 1 63 1 61 1 59 1 57 1 55 1 53 1 51 1 49 1 47 1 45 1 43 1 41 1 39 1 37 1 35 1 33 1 31 1 29 1 27 1 25 1 23 1 21 1 19 1 17 1 15 1 13 1 11 1 9 1 7 1 5 1 3 1 1 1 
99 1 97 1 95 1 93 1 91 1 89 1 87 1 85 1 83 1 81 1 79 1 77 1 75 1 73 1 71 1 69 1 67 1 65 1 63 1 61 1 59 1 57 1 55 1 53 1 51 1 49 1 47 1 45 1 43 1 41 1 39 1 37 1 35 1 33 1 31 1 29 1 27 1 25 1 23 1 21 1 19 1 17 1 15 1 13 1 11 1 9 1 7 1 5 1 3 1 1 1 
99 1 97 1 95 1 93 1 91 1 89 1 87 1 85 1 83 1 81 1 79 1 77 1 75 1 73 1 71 1 69 1 67 1 65 1 63 1 61 1 59 1 57 1 55 1 53 1 51 1 49 1 47 1 45 1 43 1 41 1 39 1 37 1 35 1 33 1 31 1 29 1 27 1 25 1 23 1 21 1 19 1 17 1 15 1 13 1 11 1 9 1 7 1 5 1 3 1 1 1 
99 1 97 1 95 1 93 1 91 1 89 1 87 1 85 1 83 1 81 1 79 1 77 1 75 1 73 1 71 1 69 1 67 1 65 1 63 1 61 1 59 1 57 1 55 1 53 1 51 1 49 1 47 1 45 1 43 1 41 1 39 1 37 1 35 1 33 1 31 1 29 1 27 1 25 1 23 1 21 1 19 1 17 1 15 1 13 1 11 1 9 1 7 1 5 1 3 1 1 1 
99 1 97 1 95 1 93 1 91 1 89 1 87 1 85 1 83 1 81 1 79 1 77 1 75 1 73 1 71 1 69 1 67 1 65 1 63 1 61 1 59 1 57 1 55 1 53 1 51 1 49 1 47 1 45 1 43 1 41 1 39 1 37 1 35 1 33 1 31 1 29 1 27 1 25 1 23 1 21 1 19 1 17 1 15 1 13 1 11 1 9 1 7 1 5 1 3 1 1 1 
99 1 97 1 95 1 93 1 91 1 89 1 87 1 85 1 83 1 81 1 79 1 77 1 75 1 73 1 71 1 69 1 67 1 65 1 63 1 61 1 59 1 57 1 55 1 53 1 51 1 49 1 47 1 45 1 43 1 41 1 39 1 37 1 35 1 33 1 31 1 29 1 27 1 25 1 23 1 21 1 19 1 17 1 15 1 13 1 11 1 9 1 7 1 5 1 3 1 1 1 
99 1 97 1 95 1 93 1 91 1 89 1 87 1 85 1 83 1 81 1 79 1 77 1 75 1 73 1 71 1 69 1 67 1 65 1 63 1 61 1 59 1 57 1 55 1 53 1 51 1 49 1 47 1 45 1 43 1 41 1 39 1 37 1 35 1 33 1 31 1 29 1 27 1 25 1 23 1 21 1 19 1 17 1 15 1 13 1 11 1 9 1 7 1 5 1 3 1 1 1 
99 1 97 1 95 1 93 1 91 1 89 1 87 1 85 1 83 1 81 1 79 1 77 1 75 1 73 1 71 1 69 1 67 1 65 1 63 1 61 1 59 1 57 1 55 1 53 1 51 1 49 1 47 1 45 1 43 1 41 1 39 1 37 1 35 1 33 1 31 1 29 1 27 1 25 1 23 1 21 1 19 1 17 1 15 1 13 1 11 1 9 1 7 1 5 1 3 1 1 1 
99 1 97 1 95 1 93 1 91 1 89 1 87 1 85 1 83 1 81 1 79 1 77 1 75 1 73 1 71 1 69 1 67 1 65 1 63 1 61 1 59 1 57 1 55 1 53 1 51 1 49 1 47 1 45 1 43 1 41 1 39 1 37 1 35 1 33 1 31 1 29 1 27 1 25 1 23 1 21 1 19 1 17 1 15 1 13 1 11 1 9 1 7 1 5 1 3 1 1 1 
99 1 97 1 95 1 93 1 91 1 89 1 87 1 85 1 83 1 81 1 79 1 77 1 75 1 73 1 71 1 69 1 67 1 65 1 63 1 61 1 59 1 57 1 55 1 53 1 51 1 49 1 47 1 45 1 43 1 41 1 39 1 37 1 35 1 33 1 31 1 29 1 27 1 25 1 23 1 21 1 19 1 17 1 15 1 13 1 11 1 9 1 7 1 5 1 3 1 1 1 
99 1 97 1 95 1 93 1 91 1 89 1 87 1 85 1 83 1 81 1 79 1 77 1 75 1 73 1 71 1 69 1 67 1 65 1 63 1 61 1 59 1 57 1 55 1 53 1 51 1 49 1 47 1 45 1 43 1 41 1 39 1 37 1 35 1 33 1 31 1 29 1 27 1 25 1 23 1 21 1 19 1 17 1 15 1 13 1 11 1 9 1 7 1 5 1 3 1 1 1 
99 1 97 1 95 1 93 1 91 1 89 1 87 1 85 1 83 1 81 1 79 1 77 1 75 1 73 1 71 1 69 1 67 1 65 1 63 1 61 1 59 1 57 1 55 1 53 1 51 1 49 1 47 1 45 1 43 1 41 1 39 1 37 1 35 1 33 1 31 1 29 1 27 1 25 1 23 1 21 1 19 1 17 1 15 1 13 1 11 1 9 1 7 1 5 1 3 1 1 1 
99 1 97 1 95 1 93 1 91 1 89 1 87 1 85 1 83 1 81 1 79 1 77 1 75 1 73 1 71 1 69 1 67 1 65 1 63 1 61 1 59 1 57 1 55 1 53 1 51 1 49 1 47 1 45 1 43 1 41 1 39 1 37 1 35 1 33 1 31 1 29 1 27 1 25 1 23 1 21 1 19 1 17 1 15 1 13 1 11 1 9 1 7 1 5 1 3 1 1 1 
99 1 97 1 95 1 93 1 91 1 89 1 87 1 85 1 83 1 81 1 79 1 77 1 75 1 73 1 71 1 69 1 67 1 65 1 63 1 61 1 59 1 57 1 55 1 53 1 51 1 49 1 47 1 45 1 43 1 41 1 39 1 37 1 35 1 33 1 31 1 29 1 27 1 25 1 23 1 21 1 19 1 17 1 15 1 13 1 11 1 9 1 7 1 5 1 3 1 1 1 
99 1 97 1 95 1 93 1 91 1 89 1 87 1 85 1 83 1 81 1 79 1 77 1 75 1 73 1 71 1 69 1 67 1 65 1 63 1 61 1 59 1 57 1 55 1 53 1 51 1 49 1 47 1 45 1 43 1 41 1 39 1 37 1 35 1 33 1 31 1 29 1 27 1 25 1 23 1 21 1 19 1 17 1 15 1 13 1 11 1 9 1 7 1 5 1 3 1 1 1 
99 1 97 1 95 1 93 1 91 1 89 1 87 1 85 1 83 1 81 1 79 1 77 1 75 1 73 1 71 1 69 1 67 1 65 1 63 1 61 1 59 1 57 1 55 1 53 1 51 1 49 1 47 1 45 1 43 1 41 1 39 1 37 1 35 1 33 1 31 1 29 1 27 1 25 1 23 1 21 1 19 1 17 1 15 1 13 1 11 1 9 1 7 1 5 1 3 1 1 1 
99 1 97 1 95 1 93 1 91 1 89 1 87 1 85 1 83 1 81 1 79 1 77 1 75 1 73 1 71 1 69 1 67 1 65 1 63 1 61 1 59 1 57 1 55 1 53 1 51 1 49 1 47 1 45 1 43 1 41 1 39 1 37 1 35 1 33 1 31 1 29 1 27 1 25 1 23 1 21 1 19 1 17 1 15 1 13 1 11 1 9 1 7 1 5 1 3 1 1 1 
99 1 97 1 95 1 93 1 91 1 89 1 87 1 85 1 83 1 81 1 79 1 77 1 75 1 73 1 71 1 69 1 67 1 65 1 63 1 61 1 59 1 57 1 55 1 53 1 51 1 49 1 47 1 45 1 43 1 41 1 39 1 37 1 35 1 33 1 31 1 29 1 27 1 25 1 23 1 21 1 19 1 17 1 15 1 13 1 11 1 9 1 7 1 5 1 3 1 1 1 
99 1 97 1 95 1 93 1 91 1 89 1 87 1 85 1 83 1 81 1 79 1 77 1 75 1 73 1 71 1 69 1 67 1 65 1 63 1 61 1 59 1 57 1 55 1 53 1 51 1 49 1 47 1 45 1 43 1 41 1 39 1 37 1 35 1 33 1 31 1 29 1 27 1 25 1 23 1 21 1 19 1 17 1 15 1 13 1 11 1 9 1 7 1 5 1 3 1 1 1 
99 1 97 1 95 1 93 1 91 1 89 1 87 1 85 1 83 1 81 1 79 1 77 1 75 1 73 1 71 1 69 1 67 1 65 1 63 1 61 1 59 1 57 1 55 1 53 1 51 1 49 1 47 1 45 1 43 1 41 1 39 1 37 1 35 1 33 1 31 1 29 1 27 1 25 1 23 1 21 1 19 1 17 1 15 1 13 1 11 1 9 1 7 1 5 1 3 1 1 1 
99 1 97 1 95 1 93 1 91 1 89 1 87 1 85 1 83 1 81 1 79 1 77 1 75 1 73 1 71 1 69 1 67 1 65 1 63 1 61 1 59 1 57 1 55 1 53 1 51 1 49 1 47 1 45 1 43 1 41 1 39 1 37 1 35 1 33 1 31 1 29 1 27 1 25 1 23 1 21 1 19 1 17 1 15 1 13 1 11 1 9 1 7 1 5 1 3 1 1 1 
99 1 97 1 95 1 93 1 91 1 89 1 87 1 85 1 83 1 81 1 79 1 77 1 75 1 73 1 71 1 69 1 67 1 65 1 63 1 61 1 59 1 57 1 55 1 53 1 51 1 49 1 47 1 45 1 43 1 41 1 39 1 37 1 35 1 33 1 31 1 29 1 27 1 25 1 23 1 21 1 19 1 17 1 15 1 13 1 11 1 9 1 7 1 5 1 3 1 1 1 
99 1 97 1 95 1 93 1 91 1 89 1 87 1 85 1 83 1 81 1 79 1 77 1 75 1 73 1 71 1 69 1 67 1 65 1 63 1 61 1 59 1 57 1 55 1 53 1 51 1 49 1 47 1 45 1 43 1 41 1 39 1 37 1 35 1 33 1 31 1 29 1 27 1 25 1 23 1 21 1 19 1 17 1 15 1 13 1 11 1 9 1 7 1 5 1 3 1 1 1 
99 1 97 1 95 1 93 1 91 1 89 1 87 1 85 1 83 1 81 1 79 1 77 1 75 1 73 1 71 1 69 1 67 1 65 1 63 1 61 1 59 1 57 1 55 1 53 1 51 1 49 1 47 1 45 1 43 1 41 1 39 1 37 1 35 1 33 1 31 1 29 1 27 1 25 1 23 1 21 1 19 1 17 1 15 1 13 1 11 1 9 1 7 1 5 1 3 1 1 1 
99 1 97 1 95 1 93 1 91 1 89 1 87 1 85 1 83 1 81 1 79 1 77 1 75 1 73 1 71 1 69 1 67 1 65 1 63 1 61 1 59 1 57 1 55 1 53 1 51 1 49 1 47 1 45 1 43 1 41 1 39 1 37 1 35 1 33 1 31 1 29 1 27 1 25 1 23 1 21 1 19 1 17 1 15 1 13 1 11 1 9 1 7 1 5 1 3 1 1 1 
99 1 97 1 95 1 93 1 91 1 89 1 87 1 85 1 83 1 81 1 79 1 77 1 75 1 73 1 71 1 69 1 67 1 65 1 63 1 61 1 59 1 57 1 55 1 53 1 51 1 49 1 47 1 45 1 43 1 41 1 39 1 37 1 35 1 33 1 31 1 29 1 27 1 25 1 23 1 21 1 19 1 17 1 15 1 13 1 11 1 9 1 7 1 5 1 3 1 1 1 
99 1 97 1 95 1 93 1 91 1 89 1 87 1 85 1 83 1 81 1 79 1 77 1 75 1 73 1 71 1 69 1 67 1 65 1 63 1 61 1 59 1 57 1 55 1 53 1 51 1 49 1 47 1 45 1 43 1 41 1 39 1 37 1 35 1 33 1 31 1 29 1 27 1 25 1 23 1 21 1 19 1 17 1 15 1 13 1 11 1 9 1 7 1 5 1 3 1 1 1 
99 1 97 1 95 1 93 1 91 1 89 1 87 1 85 1 83 1 81 1 79 1 77 1 75 1 73 1 71 1 69 1 67 1 65 1 63 1 61 1 59 1 57 1 55 1 53 1 51 1 49 1 47 1 45 1 43 1 41 1 39 1 37 1 35 1 33 1 31 1 29 1 27 1 25 1 23 1 21 1 19 1 17 1 15 1 13 1 11 1 9 1 7 1 5 1 3 1 1 1 
99 1 97 1 95 1 93 1 91 1 89 1 87 1 85 1 83 1 81 1 79 1 77 1 75 1 73 1 71 1 69 1 67 1 65 1 63 1 61 1 59 1 57 1 55 1 53 1 51 1 49 1 47 1 45 1 43 1 41 1 39 1 37 1 35 1 33 1 31 1 29 1 27 1 25 1 23 1 21 1 19 1 17 1 15 1 13 1 11 1 9 1 7 1 5 1 3 1 1 1 
